20.0 11.0 0.85 7.0 7.487 13.1244047484 3.80100890325
20.0 11.0 0.85 8.0 5.845 12.5 1.88544594595
20.0 11.0 0.85 9.0 5.102 11.9268604419 1.25622268568
20.0 11.0 1.0 7.0 8.386 13.1244047484 4.46703303802
20.0 11.0 1.0 8.0 5.312 12.5 2.13107142857
20.0 11.0 1.0 9.0 4.605 11.9268604419 1.53730584394
20.0 11.0 1.15 7.0 8.428 13.1244047484 4.81312140183
20.0 11.0 1.15 8.0 5.275 12.5 2.59857446809
20.0 11.0 1.15 9.0 4.567 11.9268604419 1.88423407977
20.0 12.0 0.85 7.0 6.894 13.1244047484 3.84381619551
20.0 12.0 0.85 8.0 6.026 12.5 1.85057142857
20.0 12.0 0.85 9.0 5.268 11.9268604419 1.37342378396
20.0 12.0 1.0 7.0 7.459 13.1244047484 4.18492854712
20.0 12.0 1.0 8.0 7.019 12.5 2.19345454545
20.0 12.0 1.0 9.0 5.174 11.9268604419 1.67475231081
20.0 12.0 1.15 7.0 7.408 13.1244047484 4.77420915763
20.0 12.0 1.15 8.0 7.931 12.5 2.61375
20.0 12.0 1.15 9.0 5.37 11.9268604419 1.98114134981
20.0 13.0 0.85 7.0 7.491 13.1244047484 3.9861084353
20.0 13.0 0.85 8.0 5.965 12.5 1.8586
20.0 13.0 0.85 9.0 4.636 11.9268604419 1.35177908292
20.0 13.0 1.0 7.0 8.594 13.1244047484 4.39698717824
20.0 13.0 1.0 8.0 7.113 12.5 2.28578947368
20.0 13.0 1.0 9.0 5.202 11.9268604419 1.79762616964
20.0 13.0 1.1 7.0 9.716 13.1244047484 4.92803647246
20.0 13.0 1.1 8.0 6.475 12.5 2.562
20.0 13.0 1.1 9.0 5.925 11.9268604419 1.94539100143
20.0 14.0 0.9 7.4 7.857 12.8689548915 3.31094012486
20.0 14.0 0.9 8.0 6.54 12.5 2.156
20.0 14.0 0.9 8.6 5.897 12.1494855858 1.56425943571
20.0 14.0 1.0 7.4 8.639 12.8689548915 4.29677267077
20.0 14.0 1.0 8.0 6.528 12.5 2.5264
20.0 14.0 1.0 8.6 5.875 12.1494855858 1.85968456757
20.5 13.5 1.1 7.6 8.942 12.7440182046 3.49007863442
20.5 13.5 1.1 8.0 7.149 12.5 2.68088888889
20.5 13.5 1.1 8.6 6.523 12.1494855858 2.12232106381
21.0 11.0 0.9 7.6 6.75 12.7440182046 2.37524006682
21.0 11.0 0.9 8.0 5.503 12.5 1.9112
21.0 11.0 0.9 8.6 4.903 12.1494855858 1.36971141894
21.0 11.0 1.0 7.6 7.002 12.7440182046 2.62353353058
21.0 11.0 1.0 8.0 5.781 12.5 2.064
21.0 11.0 1.0 8.6 4.699 12.1494855858 1.55609764131
21.0 11.0 1.1 7.6 6.481 12.7440182046 2.9180182046
21.0 11.0 1.1 8.0 5.284 12.5 2.30466666667
21.0 11.0 1.1 8.6 5.239 12.1494855858 1.74089711716
21.0 12.0 0.9 7.6 6.857 12.7440182046 2.44155093111
21.0 12.0 0.9 8.0 7.769 12.5 1.8738
21.0 12.0 0.9 8.6 6.48 12.1494855858 1.41502384212
21.0 12.0 1.0 7.6 7.713 12.7440182046 2.68636865971
21.0 12.0 1.0 8.0 8.113 12.5 2.13522222222
21.0 12.0 1.0 8.6 6.801 12.1494855858 1.62022005242
21.0 12.0 1.1 7.6 8.672 12.7440182046 3.0137116593
21.0 12.0 1.1 8.0 8.554 12.5 2.422
21.0 12.0 1.1 8.6 6.725 12.1494855858 1.91152253169
21.0 13.0 0.9 7.6 6.259 12.7440182046 2.52386270521
21.0 13.0 0.9 8.0 6.159 12.5 1.99133333333
21.0 13.0 0.9 8.6 4.938 12.1494855858 1.47494855858
21.0 13.0 1.0 7.6 6.533 12.7440182046 2.76648002864
21.0 13.0 1.0 8.0 6.426 12.5 2.24365
21.0 13.0 1.0 8.6 7.426 12.1494855858 1.70518476918
21.0 13.0 1.1 7.6 7.013 12.7440182046 3.21987776201
21.0 13.0 1.1 8.0 6.896 12.5 2.56895652174
21.0 13.0 1.1 8.6 7.396 12.1494855858 2.058
21.0 13.5 0.9 7.6 7.871 12.7440182046 2.61577911841
21.0 13.5 0.9 8.0 5.587 12.5 2.0345
21.0 13.5 0.9 8.6 6.092 12.1494855858 1.58773525523
21.0 13.5 1.0 7.6 8.611 12.7440182046 2.96742002506
21.0 13.5 1.0 8.0 6.901 12.5 2.33033333333
21.0 13.5 1.0 8.6 6.371 12.1494855858 1.75931618619
21.0 13.5 1.1 7.6 9.255 12.7440182046 3.42349612885
21.0 13.5 1.1 8.0 7.975 12.5 2.7995625
21.0 13.5 1.1 8.6 6.859 12.1494855858 2.04968228101
22.0 11.0 0.9 7.6 7.125 12.7440182046 2.32836922861
22.0 11.0 0.9 8.0 5.27 12.5 1.79490909091
22.0 11.0 0.9 8.6 5.169 12.1494855858 1.35320514414
22.0 11.0 1.0 7.6 6.811 12.7440182046 2.54631289289
22.0 11.0 1.0 8.0 5.508 12.5 1.9917
22.0 11.0 1.0 8.6 4.954 12.1494855858 1.49518852485
22.0 11.0 1.1 7.6 6.544 12.7440182046 2.83311036953
22.0 11.0 1.1 8.0 5.81 12.5 2.27683333333
22.0 11.0 1.1 8.6 4.722 12.1494855858 1.75387139645
22.0 12.0 0.9 7.6 6.832 12.7440182046 2.41636865972
22.0 12.0 0.9 8.0 8.285 12.5 1.86983333333
22.0 12.0 0.9 8.6 6.922 12.1494855858 1.39957942343
22.0 12.0 1.0 7.6 8.209 12.7440182046 2.69077924248
22.0 12.0 1.0 8.0 8.58 12.5 2.07135294118
22.0 12.0 1.0 8.6 7.277 12.1494855858 1.58895427429
22.0 12.0 1.1 7.6 9.455 12.7440182046 2.96328918581
22.0 12.0 1.1 8.0 9.443 12.5 2.3675
22.0 12.0 1.1 8.6 7.239 12.1494855858 1.79393141144
22.0 13.0 0.9 7.6 6.764 12.7440182046 2.56762093529
22.0 13.0 0.9 8.0 5.483 12.5 1.983
22.0 13.0 0.9 8.6 6.579 12.1494855858 1.45452091598
22.0 13.0 1.0 7.6 8.114 12.7440182046 2.81101465782
22.0 13.0 1.0 8.0 6.844 12.5 2.209
22.0 13.0 1.0 8.6 6.817 12.1494855858 1.67631425067
22.0 13.0 1.1 7.6 8.803 12.7440182046 3.18733297508
22.0 13.0 1.1 8.0 7.587 12.5 2.55166666667
22.0 13.0 1.1 8.6 8.222 12.1494855858 1.97738447878
22.0 13.5 0.9 7.6 8.32 12.7440182046 2.67352665701
22.0 13.5 0.9 8.0 6.634 12.5 2.073
22.0 13.5 0.9 8.6 6.009 12.1494855858 1.52082259696
22.0 13.5 1.0 7.6 8.589 12.7440182046 3.04355162399
22.0 13.5 1.0 8.0 6.843 12.5 2.41141666667
22.0 13.5 1.0 8.6 6.773 12.1494855858 1.80460483337
22.0 13.5 1.1 7.6 10.0 12.7440182046 3.70436215728
22.0 13.5 1.1 8.0 8.79 12.5 2.85570967742
22.0 13.5 1.1 8.6 7.603 12.1494855858 2.13748611006
23.0 11.0 0.9 7.6 6.565 12.7440182046 2.26506751533
23.0 11.0 0.9 8.0 5.319 12.5 1.737
23.0 11.0 0.9 8.6 4.705 12.1494855858 1.27779454509
23.0 11.0 1.0 7.6 6.085 12.7440182046 2.45550461239
23.0 11.0 1.0 8.0 5.33 12.5 1.91311764706
23.0 11.0 1.0 8.6 4.243 12.1494855858 1.44987111393
23.0 11.0 1.1 7.6 7.131 12.7440182046 2.73380027103
23.0 11.0 1.1 8.0 5.835 12.5 2.16870833333
23.0 11.0 1.1 8.6 4.764 12.1494855858 1.66881155778
23.0 12.0 0.9 7.6 8.242 12.7440182046 2.33843787589
23.0 12.0 0.9 8.0 8.237 12.5 1.78447826087
23.0 12.0 0.9 8.6 6.709 12.1494855858 1.32694284287
23.0 12.0 1.0 7.6 8.803 12.7440182046 2.52321066222
23.0 12.0 1.0 8.0 8.819 12.5 2.01925
23.0 12.0 1.0 8.6 6.126 12.1494855858 1.52073473728
23.0 12.0 1.1 7.6 8.276 12.7440182046 2.85970038915
23.0 12.0 1.1 8.0 8.284 12.5 2.254
23.0 12.0 1.1 8.6 6.612 12.1494855858 1.69210210592
23.0 13.0 0.9 7.6 8.768 12.7440182046 2.56377564338
23.0 13.0 0.9 8.0 8.107 12.5 1.95981818182
23.0 13.0 0.9 8.6 6.573 12.1494855858 1.46622692409
23.0 13.0 1.0 7.6 8.732 12.7440182046 2.88852616911
23.0 13.0 1.0 8.0 8.588 12.5 2.23046153846
