20.0 11.0 0.85 7.0 7.487 13.1244047484 3.80100890325
20.0 11.0 0.85 8.0 5.845 12.5 1.88544594595
20.0 11.0 0.85 9.0 5.102 11.9268604419 1.25622268568
20.0 11.0 1.0 7.0 8.386 13.1244047484 4.46703303802
20.0 11.0 1.0 8.0 5.312 12.5 2.13107142857
20.0 11.0 1.0 9.0 4.605 11.9268604419 1.53730584394
20.0 11.0 1.15 7.0 8.428 13.1244047484 4.81312140183
20.0 11.0 1.15 8.0 5.275 12.5 2.59857446809
20.0 11.0 1.15 9.0 4.567 11.9268604419 1.88423407977
20.0 12.0 0.85 7.0 6.894 13.1244047484 3.84381619551
20.0 12.0 0.85 8.0 6.026 12.5 1.85057142857
20.0 12.0 0.85 9.0 5.268 11.9268604419 1.37342378396
20.0 12.0 1.0 7.0 7.459 13.1244047484 4.18492854712
20.0 12.0 1.0 8.0 7.019 12.5 2.19345454545
20.0 12.0 1.0 9.0 5.174 11.9268604419 1.67475231081
20.0 12.0 1.15 7.0 7.408 13.1244047484 4.77420915763
20.0 12.0 1.15 8.0 7.931 12.5 2.61375
20.0 12.0 1.15 9.0 5.37 11.9268604419 1.98114134981
20.0 13.0 0.85 7.0 7.491 13.1244047484 3.9861084353
20.0 13.0 0.85 8.0 5.965 12.5 1.8586
20.0 13.0 0.85 9.0 4.636 11.9268604419 1.35177908292
20.0 13.0 1.0 7.0 8.594 13.1244047484 4.39698717824
20.0 13.0 1.0 8.0 7.113 12.5 2.28578947368
20.0 13.0 1.0 9.0 5.202 11.9268604419 1.79762616964
20.0 13.0 1.1 7.0 9.716 13.1244047484 4.92803647246
20.0 13.0 1.1 8.0 6.475 12.5 2.562
20.0 13.0 1.1 9.0 5.925 11.9268604419 1.94539100143
20.0 14.0 0.9 7.4 7.857 12.8689548915 3.31094012486
20.0 14.0 0.9 8.0 6.54 12.5 2.156
20.0 14.0 0.9 8.6 5.897 12.1494855858 1.56425943571
20.0 14.0 1.0 7.4 8.639 12.8689548915 4.29677267077
20.0 14.0 1.0 8.0 6.528 12.5 2.5264
20.0 14.0 1.0 8.6 5.875 12.1494855858 1.85968456757
20.5 13.5 1.1 7.6 8.942 12.7440182046 3.49007863442
20.5 13.5 1.1 8.0 7.149 12.5 2.68088888889
20.5 13.5 1.1 8.6 6.523 12.1494855858 2.12232106381
21.0 11.0 0.9 7.6 6.75 12.7440182046 2.37524006682
21.0 11.0 0.9 8.0 5.503 12.5 1.9112
21.0 11.0 0.9 8.6 4.903 12.1494855858 1.36971141894
21.0 11.0 1.0 7.6 7.002 12.7440182046 2.62353353058
21.0 11.0 1.0 8.0 5.781 12.5 2.064
21.0 11.0 1.0 8.6 4.699 12.1494855858 1.55609764131
21.0 11.0 1.1 7.6 6.481 12.7440182046 2.9180182046
21.0 11.0 1.1 8.0 5.284 12.5 2.30466666667
